-1.854791657082362917e+03
-1.776275737996225416e+03
-1.100079374904858923e+03
-1.505601888983410390e+03
-1.192471216054538672e+03
-1.865631252460547557e+03
-1.655225501621549029e+03
-9.729026021754654039e+02
-1.030554827145803984e+03
-1.661919428774729795e+03
-1.670116399361219919e+03
-1.241628512382772442e+03
-1.068885070544846940e+03
-1.284086213539399978e+03
-1.541307704482682311e+03
-1.045483706475364670e+03
-1.498466061643957346e+03
-1.561272044368936577e+03
-1.664520681544539229e+03
-9.986992546250335181e+02
-1.073622670305029715e+03
-1.267224073000803628e+03
-1.183880005880606859e+03
-1.656125903041836182e+03
-1.134354427955262508e+03
-1.600844538552575841e+03
-1.751888050550993285e+03
-1.230554468868203458e+03
-1.330499348340111965e+03
-1.190873656943939068e+03
-1.622632562144960048e+03
-1.783849543816902042e+03
-1.374420099820406449e+03
-1.483333103482620800e+03
-1.649894903993360913e+03
-9.020724903882864965e+02
-1.435841806536343256e+03
-1.064910914602093726e+03
-1.084138983243255097e+03
-1.384624455373777209e+03
-1.227741541233238195e+03
-1.308651555951345472e+03
-1.467998859725793409e+03
-1.412824292602069818e+03
-1.382706481333235843e+03
-1.389789406630262420e+03
-1.409915697053703525e+03
-1.468937869069809494e+03
-1.357167697789758904e+03
-1.358368290580850498e+03
-1.425014169569956039e+03
-1.486230000907140266e+03
-1.467325956520573300e+03
-1.348200233832855247e+03
-1.468864346461753712e+03
-1.406010017014175673e+03
-1.339080898877108211e+03
-1.322118485348102922e+03
-1.215198692352272019e+03
-1.219709275399252419e+03
-1.298925887289893808e+03
-1.498440309149035329e+03
-1.549851910769775714e+03
-1.393978128496185263e+03
-1.508798103206746873e+03
-1.285404530950911749e+03
-1.497394354833887746e+03
-1.419396262161340246e+03
-1.426258929812358019e+03
-1.448392441984924062e+03
-1.350117028069337721e+03
-1.267861476311580873e+03
-1.394668453146719912e+03
-1.173047291786343749e+03
-1.213426691827290142e+03
-1.468314797461888020e+03
-1.427316197110922531e+03
-1.308411835406223645e+03
-1.513430971245927367e+03
-1.331428745071134472e+03
-1.378629323713176291e+03
-1.680683539601859820e+03
-1.403351299359004315e+03
-1.437398740577505578e+03
-1.336315827184387217e+03
-1.347539236520093709e+03
-1.451936931356460036e+03
-1.495346747066921807e+03
-1.339305567396596871e+03
-1.222028394191971074e+03
-1.503133316251023643e+03
-1.343822927555281922e+03
-1.300598106831012501e+03
-1.433209917511160484e+03
-1.324791159962166375e+03
-1.391637802117275896e+03
-1.530772499438088062e+03
-1.432683751262158921e+03
-1.467750516635818258e+03
-1.358166507943671604e+03
-1.496724169213533514e+03
-1.350008290718493527e+03
-1.422799627792525371e+03
-1.437835287759507764e+03
-1.341002399305360768e+03
-1.350552589898776660e+03
-1.352225217680813103e+03
-1.335326735666908235e+03
-1.436185419806948175e+03
-1.452978186226493108e+03
-1.348305464317276801e+03
-1.441697410759408513e+03
-1.387660973846890101e+03
-1.366468473964224813e+03
-1.359868595919173913e+03
-1.361254799976723234e+03
-1.445955223324624512e+03
-1.495391719889388924e+03
-1.357329131192499972e+03
-1.403701990832774982e+03
-1.443370841334853594e+03
-1.317766403638960128e+03
-1.336818970313836644e+03
-1.382903382987908117e+03
-1.373951206746694197e+03
-1.370051191657952813e+03
-1.282368848478201016e+03
-1.440822893897607173e+03
-1.326056517116941222e+03
-1.286749359094875672e+03
-1.376380951396687124e+03
-1.337203649775327222e+03
-1.362809262733622518e+03
-1.293898455402754280e+03
-1.546001611617113667e+03
-1.335949668603961527e+03
-1.355019434610150938e+03
-1.346953041301595249e+03
-1.431168137974756974e+03
-1.322630767139700993e+03
-1.770812817377219062e+03
-1.328222717817967805e+03
-1.366027550353083370e+03
-1.437264263273511688e+03
-1.307245742276590590e+03
-1.421762639612639305e+03
-1.273913996273563953e+03
-1.447552633709063002e+03
-1.604828058625063932e+03
-1.429258344755788130e+03
-1.292149397186451779e+03
-1.362741872502952219e+03
-1.380149427136799659e+03
-1.341706437139106583e+03
-1.366527628089664177e+03
-1.316946778797093657e+03
-1.392273235767029519e+03
-1.283072333262146458e+03
-1.371998458259936797e+03
-1.292593122006641806e+03
-1.385717947650234237e+03
-1.431177563864112926e+03
-1.337814912715299442e+03
-1.372541624020479730e+03
-1.389270175503719202e+03
-1.347714837272388195e+03
-1.524039261640346922e+03
-1.337353066288355421e+03
-1.341707345604287184e+03
-1.385023809474080053e+03
-1.419523637475072292e+03
-1.375102764409416068e+03
-1.321736798864406410e+03
-1.333834803689402406e+03
-1.356653485488400065e+03
-1.359066815655929531e+03
-1.375407621076683881e+03
-1.308195201117957140e+03
-1.268695502217252169e+03
-1.353186970912741799e+03
-1.374786656192356304e+03
-1.329107905981926024e+03
-1.254355499297412280e+03
-1.671230019766594296e+03
-1.330176620115326386e+03
-1.256137633233250426e+03
-1.252862001436857099e+03
-1.308845294985771488e+03
-1.270206683548545698e+03
-1.340171402791489299e+03
-1.755527918043328555e+03
-1.280300737368032742e+03
-1.332540618734399459e+03
-1.283139516645704134e+03
-1.378864844205818599e+03
-1.207281753491953168e+03
-1.254213080267698615e+03
-1.324064215078198231e+03
-1.306632089299435165e+03
-1.290419771900554451e+03
-1.265472829773281319e+03
-1.378961403196805577e+03
-1.453889708880527451e+03
-1.329223636823118113e+03
-1.683703312143129551e+03
-1.306575582073741998e+03
-1.193416646511994941e+03
-1.299878378514514452e+03
-1.201090640104315526e+03
-1.281332763049129198e+03
-1.324117296487785325e+03
-1.288038490991908475e+03
-1.344945336319886565e+03
-1.303998831314399467e+03
-1.279411262475192189e+03
-1.341987446196098972e+03
-1.322426968797372410e+03
-1.363660834242347164e+03
-1.345922853745599241e+03
-1.337390697107891583e+03
-1.322036208342552754e+03
-1.445917306884227628e+03
-1.331410634722260738e+03
-1.186026720581392738e+03
-1.333450332324660394e+03
-1.319891246758541229e+03
-1.314013819887062027e+03
-1.170725450877916501e+03
-1.166695967979022726e+03
-1.306216359853889116e+03
-1.262572391432625182e+03
-1.308400354926933232e+03
-1.196182293497727642e+03
-1.370425896229028922e+03
-1.308590251720312608e+03
-1.294161020932444899e+03
-1.293541190509780790e+03
-1.328765025300975140e+03
-1.279046494005629484e+03
-1.257099966423291789e+03
-1.299349557485821379e+03
-1.326511002730268501e+03
-1.286034671755972795e+03
-1.449200744361064380e+03
-1.145574952693596288e+03
-1.238514748314532881e+03
-1.231304815184291101e+03
-1.101401599393786228e+03
-1.147460914875712660e+03
-1.224232241830695102e+03
-1.398785349105148043e+03
-1.197368716719393660e+03
-1.391529979912286535e+03
-1.250469652146551880e+03
-1.143978140835859676e+03
-1.174414142808640690e+03
-1.140397512682868864e+03
-1.207631505083083539e+03
-1.278642106226689066e+03
-1.048446242428349478e+03
-1.049484261527172293e+03
-1.380099923812746283e+03
-1.036105164247546782e+03
-1.050752459228104726e+03
-1.323563640992209002e+03
-1.153293056574797220e+03
-1.250533107108613194e+03
-1.147996838550562643e+03
-1.137113574382662819e+03
-1.245779379877909832e+03
-1.397506291497547409e+03
-1.253606748982706222e+03
-1.053449003470417438e+03
-1.192469288127060963e+03
-1.177201608693198523e+03
-1.165516102346361777e+03
-1.240772655035007347e+03
-9.088114533192816680e+02
-1.291076540471279941e+03
-1.128832221194643807e+03
-1.134209754355456653e+03
-1.346369883502318771e+03
-1.234545483776161518e+03
-1.184115805993631056e+03
-9.861848284527368378e+02
-9.900899706867603527e+02
-1.022470215519663384e+03
-1.270500224135751978e+03
-8.729395885490259843e+02
-9.797955307216413985e+02
-1.182824298054099017e+03
-1.180660471522168336e+03
-1.012850225839720565e+03
-1.403889893986678089e+03
-1.409546520927775191e+03
-8.894481831677803712e+02
-1.337453483982755188e+03
-8.742938103553746032e+02
-1.045463787761867025e+03
-1.152163239108827156e+03
-9.683986082434986429e+02
-1.039831241944613794e+03
-1.197610143150694057e+03
-1.172856672871126193e+03
-1.355062410920309503e+03
-1.189165634363138906e+03
-1.160918170633520958e+03
-1.166677039316591618e+03
-1.048231781977135824e+03
-1.064158918168870741e+03
-1.042875599157478291e+03
-1.300277301380206609e+03
-1.030081664780750998e+03
-1.171433786928194422e+03
-1.183281161163005436e+03
-1.314870454216260896e+03
-1.032244541226935326e+03
-1.102649936382072838e+03
-1.048290120743410853e+03
-1.236833705099827284e+03
-1.173773704424747393e+03
-1.327336040390440530e+03
-1.205090625397085887e+03
-1.203313033713646519e+03
-1.051107033014137642e+03
-1.227127410800018879e+03
-1.140874565004617125e+03
-1.277240996670629784e+03
-1.363732727272434659e+03
-1.307910674088647511e+03
-1.346137663337209688e+03
-1.439827978729106462e+03
-1.165313100872353516e+03
-1.317105152017704540e+03
-1.208584141786910550e+03
-1.180894791037122332e+03
-1.046526100031469014e+03
-1.144688481012203738e+03
-1.038389465806694716e+03
-1.093636392210746862e+03
-1.070375290585040602e+03
-1.177511899268662546e+03
-1.078062467088262338e+03
-1.357425802737113372e+03
-1.100408483280837345e+03
-1.113754349303434765e+03
-1.207202266258416330e+03
-1.129217892180621902e+03
-1.131290111971626629e+03
-1.199220969422682856e+03
-1.263514164282796401e+03
-1.155337539914808758e+03
-1.161087976554120587e+03
-1.261622687621667865e+03
-1.146866359629306999e+03
-1.297947126428651018e+03
-1.210677571235284177e+03
-1.188403060948385018e+03
-1.220919250784828591e+03
-1.287928001767989599e+03
-1.176443681414667708e+03
-1.210257396061989311e+03
-1.153113060245639872e+03
-1.154290341526850852e+03
-1.078820427619791644e+03
-1.300239804504946278e+03
-1.342010563203872834e+03
-1.026522163637849417e+03
-1.189580362705192783e+03
-1.179374671455849693e+03
-1.253561589505936354e+03
-1.349728943220262863e+03
-1.328892748174814642e+03
-1.323557019819937750e+03
-1.137173986573188813e+03
-1.344452037122222691e+03
-1.173192958547338776e+03
-1.202856027189153110e+03
-1.176690356929478867e+03
-1.197316903988465128e+03
-1.117505719207629909e+03
-1.050060172574875651e+03
-1.007150633639555735e+03
-8.927385124866076467e+02
-9.896668556155794931e+02
-1.163209712840797465e+03
-1.213550979519449811e+03
-1.043941409715647296e+03
-1.189012699408272056e+03
-1.111295221714767877e+03
-1.176343700693081473e+03
-1.114029811960412189e+03
-1.014823434931408883e+03
-1.146923396554675037e+03
-1.040558100647663196e+03
-1.055733598538012302e+03
-1.114237047482925618e+03
-1.149922285846002069e+03
-1.147706595385211585e+03
-1.071320064093001974e+03
-1.207563765300988962e+03
-1.181781314420852141e+03
-1.342286223472435495e+03
-1.193980780225166427e+03
-1.173657110371617591e+03
-1.306595051753987718e+03
-1.160694944399000860e+03
-1.178734147816422819e+03
-1.271822786427092524e+03
-1.198621986734729717e+03
-1.279269457916020428e+03
-1.345754547729094156e+03
-1.278490544679712002e+03
-1.189872442224843326e+03
-1.044856551792533537e+03
-1.271415939951199789e+03
-1.250745225365420993e+03
-1.176459832793741271e+03
-1.133005941298308244e+03
-8.845181158395025705e+02
-1.030293268631357705e+03
-1.143444512609006779e+03
-1.184350502125138291e+03
-1.003711800796907255e+03
-1.153797433777722972e+03
-1.223237520521960505e+03
-1.134644809022716572e+03
-1.120248017105619510e+03
-1.309357841840482251e+03
-1.024253615739334236e+03
-1.215008389369848146e+03
-1.223856700827494933e+03
-1.210711421043636392e+03
-1.202566479744082699e+03
-1.314821999882957698e+03
-1.201606727683152485e+03
-1.183936585496297539e+03
-1.110065230933196744e+03
-1.140247040064116845e+03
-1.078836881409909665e+03
-1.064258229219004534e+03
-1.024525424772243241e+03
-9.833047874031717583e+02
-1.071380247329690519e+03
-9.467536292692611823e+02
-1.031709872674400231e+03
-1.066749214228900655e+03
-8.688570157119113446e+02
-1.143339037827649463e+03
-1.161943303996086570e+03
-1.068820803377363745e+03
-1.156895258027421278e+03
-1.159897760419996985e+03
-9.431889565677300880e+02
-1.181928038262120708e+03
-1.168472324620630616e+03
-1.241535821569344762e+03
-1.180307283736161935e+03
-1.164416719519185790e+03
-1.174035907969809614e+03
-1.077460972573236631e+03
-1.152079904478065373e+03
-1.123896387090811231e+03
-1.023554594609176547e+03
-1.035991196255133218e+03
-1.141546166888427251e+03
-1.085392484713534486e+03
-1.029781449758729650e+03
-1.123495276080315989e+03
-1.115993847666504053e+03
-9.214117887126202504e+02
-1.130418826914510419e+03
-1.005301352671364270e+03
-1.037657278786636653e+03
-8.900223293574233594e+02
-9.193342531253332481e+02
-8.877911228684421303e+02
-1.100876209476528629e+03
-7.848695414122522607e+02
-9.490123493917730002e+02
-1.026449509425344104e+03
-8.980304037502509118e+02
-7.574453406477473436e+02
-9.018252200404160703e+02
-7.628175520465122190e+02
-7.690413152994422035e+02
-1.084700009600362137e+03
-9.445393406387157711e+02
-9.160517480172431988e+02
-1.052855260367329947e+03
-8.880953755384228998e+02
-8.965975217662141858e+02
-9.190651329104701972e+02
-8.968569155260915977e+02
-1.027304451094340266e+03
-1.016574109712799213e+03
-8.923446006024252029e+02
-1.008017448100474894e+03
-1.014682735074900393e+03
-9.803906010326729756e+02
-9.107626463449232688e+02
-1.047325045091324228e+03
-1.041289374055241751e+03
-1.001282281649802144e+03
-1.147807591923452947e+03
-8.637054123995317241e+02
-8.827123039657858499e+02
-7.692837007181194622e+02
-7.629547221446694039e+02
-9.406090151315593175e+02
-1.039074759084140851e+03
-1.028596762745366505e+03
-1.199606738403574582e+03
-1.052411202936518521e+03
-1.230025082342407131e+03
-1.257290328489086960e+03
-1.168876312220132149e+03
-1.178186918594293502e+03
-1.265962446947620265e+03
-1.253009586920253696e+03
-1.119684414437178930e+03
-1.183735234974659988e+03
-1.087094029962860304e+03
-1.146621096347705588e+03
-1.175408867873378313e+03
-9.767696727153825123e+02
-1.003041896412364963e+03
-1.160505206108473203e+03
-1.009844909907585702e+03
-1.048614071457990121e+03
-1.150042473321605939e+03
-9.289334895171230073e+02
-1.164014157674943817e+03
-1.168833614392888876e+03
-1.170938796239369822e+03
-1.191603608595020660e+03
-1.199761060764664762e+03
-1.202777304704626886e+03
-1.182985108803164394e+03
-1.183940814641616498e+03
-1.174351013544159059e+03
-1.196400323242281956e+03
-9.265540516101029880e+02
-9.953181862108986024e+02
-9.199510089308100760e+02
-1.182837748512891494e+03
-1.135827546909875764e+03
-9.175088506296858668e+02
-1.204981156876938030e+03
-1.153269665408372475e+03
-1.000145032005553617e+03
-8.979017361778867325e+02
-1.021836428682291853e+03
-1.120093311122960586e+03
-8.095717134678423008e+02
-1.052795639196034017e+03
-1.059922103356808293e+03
-1.030657865983249621e+03
-1.244262694454830125e+03
-9.996441637827463182e+02
-1.142125771692253920e+03
-1.043303236915664456e+03
-1.190995067241860170e+03
-1.050085666713478986e+03
-1.148045937073198729e+03
-1.007150913882933764e+03
-1.047000128915048435e+03
-1.028780160031387140e+03
-1.028526507255132174e+03
-1.010508964009990450e+03
-1.150392339365082080e+03
-9.088653562108788719e+02
-1.009689283357525142e+03
-1.053360413733109453e+03
-1.148750497158289136e+03
-8.617603564596448678e+02
-1.056422844387960595e+03
-9.900335778512318257e+02
-9.393841494212879297e+02
-8.040822257418660683e+02
-9.048949220541601335e+02
-6.403080210652120741e+02
-8.958640490050364633e+02
-8.909005574115949457e+02
-8.877259799707802586e+02
-1.051623747504489984e+03
-9.003277171361579576e+02
-9.286689432321878712e+02
-1.016068819371708969e+03
-9.576317865533999338e+02
-6.664869482732773349e+02
-7.647458838211156262e+02
-8.669085897108010386e+02
-8.511627421642850777e+02
-8.921879489567918426e+02
-8.783576912060286759e+02
-9.860232945367918092e+02
-9.256658709569779830e+02
-7.683067900509539641e+02
-9.899417491466807633e+02
-6.478660458978531551e+02
-8.557719737444040220e+02
-1.002978880204260008e+03
-7.553870060709527934e+02
-7.693254284971027346e+02
-9.091035838633773665e+02
-7.915911945150126030e+02
-8.828949911685847383e+02
-5.183625399881709654e+02
-7.896423175055945194e+02
-6.515661340122003367e+02
-7.762054752254680352e+02
-8.712334392108990642e+02
-1.013693248565662770e+03
-6.471879197403108037e+02
-9.873016127463237126e+02
-7.375349705919346661e+02
-8.363662309592760948e+02
-7.640671998334872796e+02
-8.908759677776459966e+02
-1.057905927584831943e+03
-9.833404089432827959e+02
-7.450714819923529149e+02
-8.487041997982429393e+02
-6.401669627734817141e+02
-9.348600126328135502e+02
-9.049702440695290306e+02
-5.466010970699279596e+02
-8.655018352152409307e+02
-8.874165482191074261e+02
-8.003095734489417055e+02
-7.410262627476904527e+02
-1.057693155888678575e+03
-1.153513467804226366e+03
-7.674532381232897933e+02
-8.075677918892927210e+02
-9.296683217153777150e+02
-1.054743191603957030e+03
-1.194110261061788378e+03
-1.064390183981121254e+03
-1.001518317123336715e+03
-9.288179765585056202e+02
-1.134606084046299657e+03
-1.047047823379393776e+03
-8.831197447590734555e+02
-7.490155601637380869e+02
-7.926971105216580327e+02
-7.559811237178887495e+02
-8.725275875042931375e+02
-7.677812626693826132e+02
-1.014733870088329354e+03
-1.070490507969615237e+03
-1.040006257753996351e+03
-1.206312646889447933e+03
-1.191333866191056359e+03
-1.101433692400017435e+03
-1.142221398198131510e+03
-1.217024041158779482e+03
-1.027085810831123126e+03
-1.067104271047946895e+03
-1.168174564550966579e+03
-9.748727571283973248e+02
-9.202852036186326359e+02
-1.006452222975993209e+03
-1.054265103781671769e+03
-1.038509729993103065e+03
-8.301484863018466740e+02
-9.974538088414089998e+02
-1.037950810430146703e+03
-8.724604229611727533e+02
-6.218311605001006228e+02
-7.875644444472710575e+02
-8.258914929565585226e+02
-1.027774887503141144e+03
-9.158851513835967353e+02
-9.285602446310438154e+02
-1.059243672201605250e+03
-7.670975214551956469e+02
-1.056356732006151788e+03
-8.993003063661599299e+02
-8.120394529144515445e+02
-6.848801363878586699e+02
-6.350611210536463886e+02
-5.325903583697213435e+02
-8.841628395466270831e+02
-8.423939403101353491e+02
-1.145334343731316949e+03
-1.024897732521600574e+03
-6.294845708548878065e+02
-9.184232298393148994e+02
-1.037661654307186154e+03
-6.341166723882720362e+02
-9.432595258613356464e+02
-7.140888075437625275e+02
-1.013190914541428583e+03
-1.049823777620062629e+03
-1.018559364337493548e+03
-1.004137847361381432e+03
-1.001192800662646277e+03
-8.878129295393580378e+02
-6.301918612702396558e+02
-8.681526322010327021e+02
-7.591121799517484305e+02
-9.949345565908886329e+02
-8.127982402808733013e+02
-7.781346600743739828e+02
-8.572350886629658362e+02
-7.808038320084680208e+02
-7.551078106513908779e+02
-8.377823873299014394e+02
-8.952343593621274067e+02
-9.006665450438481457e+02
-8.924075203009271036e+02
-7.470902223747572179e+02
-5.826444270131377152e+02
-8.596822578915456461e+02
-8.511197007245531267e+02
-7.501218507812882308e+02
-7.473039680914162091e+02
-7.019446616421516865e+02
-8.987263009868398740e+02
-9.101143755617298439e+02
-7.918387689145667991e+02
-1.023588642359003074e+03
-9.055556078784874217e+02
-7.663871862002205262e+02
-1.087862150476690431e+03
-9.129380677709166321e+02
-6.394603850648953767e+02
-1.159858094347654742e+03
-1.060964374108812308e+03
-9.229929750444847514e+02
-7.907830859592716024e+02
-1.064675290806292651e+03
-9.415165135092543096e+02
-7.655960537997164010e+02
-7.207232744463549352e+02
-7.574309739952548171e+02
-8.954593739818337781e+02
-8.950629879043772235e+02
-1.048498306743774947e+03
-1.070109468052497050e+03
-7.186126928343672944e+02
-9.258994346033379088e+02
-9.348319829165429837e+02
-1.026860463245368237e+03
-8.631040179226106375e+02
-1.055337216444911064e+03
-1.149089756048462277e+03
-8.570916956914835509e+02
-1.063400333271131331e+03
-1.022552290008997488e+03
-1.027168430737050812e+03
-1.073686194049098958e+03
-1.060598675406013626e+03
-1.011787038842556512e+03
-9.211040147800669047e+02
-8.981577420627837682e+02
-9.161703741592641563e+02
-7.286280372335888842e+02
-5.185160541908394407e+02
-1.055911238584540797e+03
-9.572344522539927993e+02
-5.323769424674800348e+02
-9.467182174568489472e+02
-7.452452140788493580e+02
-7.982566183628066483e+02
-5.099660875169264500e+02
-5.154136270174540186e+02
-7.570999260130483890e+02
-7.495788467812359386e+02
-7.543153681384515039e+02
-3.775744193592419151e+02
-3.858754652410733570e+02
-5.169771125442734956e+02
-6.390423369607100312e+02
-7.702838859901211208e+02
-6.661566502793937161e+02
-7.425987189039185523e+02
-1.022994418439629499e+03
-9.428807348533058530e+02
-8.902037767040825429e+02
-1.004915076027266537e+03
-4.967755024993826964e+02
-6.477798829994894731e+02
-6.460528104035605566e+02
-7.006536076113056879e+02
-9.130379140430402458e+02
-9.215467997585429885e+02
-9.298843357252438864e+02
-6.599563984880169301e+02
-7.426271444823672709e+02
-8.585877782680440760e+02
-9.453743440149839898e+02
-7.718890386260718515e+02
-8.673306728525305971e+02
-1.310249542631950419e+02
-7.496970470579188941e+02
-5.122862045277066727e+02
-7.900480887687210725e+02
-8.198670478758765512e+02
-8.790694813015483078e+02
-6.506829608783842787e+02
-3.945280846308947389e+02
-6.301764775480174876e+02
-9.264021385904371755e+02
-2.573098808992923523e+02
-9.127571748899057411e+02
-5.292250496101764838e+02
-1.051999320495613347e+03
-1.034872053948872917e+03
-7.676702114635958196e+02
-5.222707452065768621e+02
-6.381484068206418669e+02
-7.839973727086395456e+02
-7.673367794961387744e+02
-6.415460931585454318e+02
-9.489807072199737377e+02
-4.768237908575717938e+02
-5.255860598727758770e+02
-7.733155605697211286e+02
-9.923078303049503575e+02
-7.356038755566213467e+02
-6.135432965250985262e+02
-3.884525525902203640e+02
-6.467510564244212219e+02
-6.874557674157032352e+02
-7.696518684942323034e+02
-9.023550079906664223e+02
-5.970579214915925377e+02
-5.074242272231332436e+02
-3.858661865950745096e+02
-9.099884628662472323e+02
-4.228497842971968907e+02
-6.649789161223009160e+02
-5.703911037683617451e+02
-9.205629155638654311e+02
-1.043327271630131690e+03
-1.064634298663538630e+03
-6.486580872816625742e+02
-9.179434216513265028e+02
-9.332132350203913802e+02
-1.020785978801425699e+03
-7.316926925116496250e+02
-1.047094396338872457e+03
-7.361123027112414547e+02
-7.667362669930116681e+02
-2.653027074609147462e+02
-5.287080603876585201e+02
-4.955815228272153377e+02
-5.271153404426081579e+02
-9.717825135068537747e+02
-5.468782670159160944e+02
-6.226970154325036901e+02
-2.514332617077258192e+02
-7.788699317621535556e+02
-9.351643475302086017e+02
-1.060705758604000266e+03
-3.792179650657660090e+02
-8.897463972613317083e+02
-1.065702306917514989e+03
-9.948949961075611554e+02
-6.221272838950123969e+02
-7.875029531983906281e+02
-6.456329396703816883e+02
-5.357115660398328600e+02
-5.181936501051923187e+02
-7.330083582276231482e+02
-6.357384612913590445e+02
-3.834837285674149712e+02
-6.541568366774364449e+02
-7.945777604253476056e+02
-2.579960406447412424e+02
-6.132628794920532300e+02
-4.967550346726883390e+02
-8.542748864438442524e+02
-6.196864886141264606e+02
-7.757273321253060203e+02
-1.054086922430591812e+03
-1.153448091785472116e+03
-9.195065520120366500e+02
-3.799582079624075845e+02
-7.556709490517039285e+02
-7.681106094527743835e+02
-3.836546063039295404e+02
-5.144069702032219311e+02
-7.821512165448579026e+02
-7.598957343496125532e+02
-9.655696841231801955e+02
-6.381176651709972703e+02
-4.920136113395325879e+02
-2.644707579436422975e+02
-8.059774637009369371e+02
-6.578397460491420361e+02
-6.501119764139006065e+02
-5.132159360998235798e+02
-3.861627944870401166e+02
-4.118755982118106544e+02
-3.779738811105920604e+02
-5.183412395496029603e+02
-8.991545973670555441e+02
-9.058039112269549378e+02
-8.911643531044712745e+02
-6.089728877180250493e+02
-6.410874108505242930e+02
-3.870820559848619951e+02
-6.418124269615705089e+02
-6.173048503710645036e+02
-3.759511468334679876e+02
-1.325971399141156155e+02
-5.137790700730198523e+02
-1.317734251111447463e+02
-2.544637207440306383e+02
-6.449961365174640378e+02
-6.345608906932810669e+02
-3.786586585554741760e+02
-3.846075329731013994e+02
-1.326891398333480652e+02
-6.324893382424311312e+02
-3.838856268417960109e+02
-2.584188657399580507e+02
-7.725215986610138543e+02
-3.957507784259688606e+02
-4.081843466958694648e+02
-2.728522479254101540e+02
-2.540522552976945008e+02
-2.563546695971510871e+02
-8.996905416273478977e+02
-1.273388665321885327e+02
-3.928401115532839185e+02
-8.762692614629612535e+02
-9.830521432270098785e+02
-3.748583341098907908e+02
-1.052368908477900959e+03
-3.783401959356565953e+02
-1.045125123950002717e+03
-7.868980136744393121e+02
-2.538949910273962018e+02
-3.919063657352451742e+02
-9.364617159514094737e+02
-2.012790734311275003e+02
-9.029003634707870560e+02
-9.070611980676542316e+02
-9.196961505126580505e+02
-1.335320855814778440e+02
-2.575347245020346350e+02
-6.086346764886706069e+02
-1.964871859101485763e+00
-2.599565818405379218e+02
-5.125520112110496029e+02
-5.677115420930831533e+02
-6.194235115360053214e+02
-2.606308195186748549e+02
-3.937995302805070423e+02
-4.973461107849389577e+02
-3.844204129894307016e+02
-5.239736113636678283e+02
-2.616545566322194531e+02
-5.547093854912209281e+02
-4.997806124558289866e+02
-5.198416664900213391e+02
-3.825206195143098284e+02
-5.123879372708012170e+02
-3.871296045193433883e+02
-3.769751805408983500e+02
-2.477772896112143997e+02
-9.105546197102097494e+02
-4.013600341547209496e+02
-5.229036643710477392e+02
-1.298924017254367982e+02
-1.274270736069838676e+02
-9.240609875850644812e+02
-6.262423881281156355e+02
-3.768706626185601749e+02
-6.379281630744018230e+02
-1.351856895311883591e+02
-9.109616942839248850e+02
-3.880570268599742008e+02
-1.309222976386992912e+02
-5.197081633477099558e+02
-6.776748722501860129e+02
-3.832570639468690477e+00
-5.418093304625741666e+02
-6.472098057086680001e+02
-7.815811714162222188e+02
-1.290646613019905544e+02
-6.820951207052462451e+02
-3.665973374000218055e+00
-7.789770782793659691e+02
-3.761483591900397414e+02
-3.777360422459842084e+02
-2.535930425907199606e+02
-1.064287185404506317e+03
-2.544946806525091461e+02
-1.069935613469570399e+03
-1.073931345679762217e+03
-3.854421824592203052e+02
-9.248556882199029587e+02
-7.855288263030653297e+02
-2.603187873660631908e+02
-1.305876795325982300e+02
-6.035631755255443931e-01
-2.449469507312939811e+02
-1.802958031507858827e+00
-3.710956511900178612e+02
-6.230040938929056971e+00
-2.491593110900780061e+02
-3.923984222223824077e+02
-1.026769211045536395e+03
-2.591207635217216421e+02
-5.428565208539750984e+02
-5.200955287241472433e+02
-6.776424120371133313e+02
-3.866153098646877879e+02
-3.832517699026248579e+02
-2.590782951470858961e+02
-3.802490685994953310e+02
-5.279326766968076754e+02
-6.414792958264432627e+02
-7.899093988254025644e-01
-3.870401904509527640e+02
-5.198022741827126083e+02
-3.761511318357666482e+02
-5.224692894741617692e+02
-5.174285398680415256e+02
-2.590871013578431530e+02
-6.304952261647083560e+02
-2.585895976361748581e+02
-1.269090252154222611e+02
-2.610017667708681302e+02
-3.788728098467861969e+02
-1.272209829392548812e+02
-1.261328028184222205e+02
-2.594658164443879969e+02
-6.184543502135518844e-01
-2.512977717883036632e+02
-1.288466456880020985e+02
-5.106684607939909029e+02
-3.773942194044746543e+02
-1.262513142448386816e+02
-1.251888382728690345e+02
-5.196345544808140176e+02
-1.246379850676101171e+02
-2.611559269415488416e+02
-2.618190337401205738e+02
-3.826002921336579448e+02
-5.218165899754638986e+02
-8.096185455991956132e+02
-4.830256335018979712e+02
-3.902796457326911650e+02
-1.288625313284610172e+02
-2.600615897820896976e+02
-2.591158921079300512e+02
-2.499768990106598494e+02
-1.340443032374146810e+02
-4.090659633246141311e+02
-5.360400182642022173e+02
-1.276515478435649982e+02
-2.736311276241075952e+00
-1.280728343470319430e+02
-1.015378439190582867e+03
-5.665465793162730961e+02
-3.707387964077844345e+02
-5.141158495888473681e+02
-3.745794760608994807e+02
-1.296196157628117760e+02
-2.590614989795898282e+02
-2.549444883484471802e+02
-2.625026555445494409e+02
-3.730223277128367840e+02
-1.303316164109236297e+02
-9.351949327986864846e-01
-2.536895277824901314e+02
-1.279443873233497300e+02
-6.918133318676887855e-01
-2.579151192534020538e+02
-1.322576315957594772e+02
-4.988642452092163353e+02
-3.659224539953336262e+02
-9.739138140492318296e-01
-2.533160029585820894e+02
-4.958805878584491893e+02
-2.569755055387232687e+02
-2.575684330996857057e+02
-2.521703908558479554e+02
-2.632645020121900643e+02
-6.508424155216634972e+02
-1.321072510105673814e+02
-6.449966563940469086e+02
-8.012314917706079314e+02
-3.623256244996625810e+02
-3.754787939145724636e+02
-1.281704289668454635e+02
-1.260037127542951083e+02
-2.598852962950267056e+02
-8.575029299616112599e-01
-6.537108610007211382e+02
-3.815736916603612485e+02
-3.852846915654011468e+02
-1.733787387786257295e+00
-2.534274189616734230e+00
-5.164485212996453356e+02
-1.136568989435355448e+00
-3.844493588583137011e+02
-5.171124884608587990e+02
-5.258931795439679036e+02
-1.290018416540212627e+02
-2.579717120118193634e+02
-2.597748293179445227e+02
-2.640390295616134040e+02
-2.557127990447163199e+02
-2.496974142394261946e+02
-2.546317041637911984e+02
-3.659739012254256636e+02
-2.573228835449005487e+02
-1.142601149536671024e+00
-2.479142527408397143e+02
-5.038297796624222542e+02
-1.316029063479102774e+02
-3.930945881737808349e+02
-5.335473938553603830e+02
-5.643356770568205283e-01
-5.218391381386273906e+02
-2.548177773133066353e+02
-2.464560124751815806e+02
-3.975888297186975819e+02
-3.964858854022535866e+02
-1.300299585130012474e+02
-1.290264097879734777e+02
-1.260362483527245558e+00
-1.287555080049786227e+02
-3.781181122530233552e+02
-3.805072048942553806e+02
-9.929642226612259703e-01
-1.273780008522216889e+02
-4.073396328491324994e+02
-1.241576589462196836e+02
-1.294861960666080449e+02
-3.803466930005885160e+02
-6.536346781652362097e+02
-2.536790980995531015e+02
-1.309247352553051940e+02
-3.774127782693552717e+02
-7.816765775995741024e+02
-1.276662495346661075e+02
-3.918438465800879840e+02
-2.633823795693737111e+02
-2.601935369403150844e+02
-2.531593956611754379e+02
-1.759344899639927462e+00
-1.242778155323058940e+02
-9.285541033904818278e+02
-4.096159337105471643e-01
-2.445663390918200832e+02
-3.724707396803580082e+02
-2.617113300369725266e+02
-4.156766080856478425e+02
-1.299629428216661324e+02
-1.334526957153571232e+02
-5.154578589760195655e+02
-5.025412377776795552e+02
-1.288312931787069147e+02
-1.269695626545829725e+02
-3.610219193299924427e+02
-1.299186703861389844e+02
-1.281222038734073578e+02
-2.540782027663891540e+02
-2.461308093427287247e+02
-4.091069078119330129e+02
-4.008740148259202556e+02
-1.272917662659302209e+02
-2.492163681623061962e+02
-3.676339370601627365e+02
-5.926988941364211314e+02
-2.600794509456993069e+02
-3.985259746730779966e+02
-9.396162688148294819e+02
-5.828234659981602617e-01
-3.963077954313204145e+02
-1.253016184646796631e+02
-1.299203619184613103e+02
-1.281634197865738827e+02
-6.552498400106236431e+02
-9.357974036162013398e-01
-3.973835641549374031e+02
-2.480622723226842083e+02
-1.289691240660405072e+02
-6.036109796259488958e-01
-3.697033727907402181e+02
-2.577613791423833050e+02
-2.507066227506822713e+02
-1.001391678746635927e+00
-5.251469483015865762e+02
-3.858849988104570343e+02
-1.276644997911689359e+02
-1.298015935301591242e+02
-3.779281895001436737e+02
-6.588722350357745654e+02
-5.427523503494988972e+02
-2.517558474465969880e+02
-5.187920362144769797e+02
-2.584126601468275908e+02
-1.291455664878163816e+02
-1.261913517430017180e+02
-1.264419238767891187e+02
-2.605610150905025648e+02
-4.504529150709406622e+02
-2.271053637046263340e-01
-2.516319486763929660e+02
-2.430270200643811904e+02
-3.908331008197870347e+02
-1.298969634883877404e+02
-5.276202822709755083e+02
-1.288801139633757202e+02
-1.262725727695547420e+02
-6.108177505270604115e+02
-3.712954620249286108e+02
-3.854166033933133804e+02
-4.067318662202119981e+02
-1.261081550738025925e+02
-2.000072065294766332e+00
-2.609028339096804530e+02
-5.333249286256973392e+02
-6.390196211238277328e+02
-2.605490003475898106e+02
-1.272884877676854387e+02
-1.277191031292197607e+02
-3.830026812133666567e+02
-2.520432422945953590e+02
-1.274419242940762018e+02
-2.622112011664414126e+02
-3.807348000116214735e+02
-1.778385192967099293e+00
-1.300035800583060279e+02
-3.865450777288905897e+02
-1.270983784921935040e+02
-2.531962109828975827e+02
-1.296179345933636284e+02
-5.386527480480599479e+02
-1.277963243091181340e+02
-3.916481709329418663e+02
-1.269628010990309974e+02
-2.528662426009156263e+02
-3.969090101390548284e+02
-1.263451708306843244e+02
-2.509807124995992922e+02
-1.234771310498237398e+02
-4.105365307300694440e+02
-5.053953311089562135e+02
-4.195877673472311358e+02
-5.085943556051467453e+02
-6.533752623807841928e+02
-1.281237105116204305e+02
-1.764848602685425760e+00
-1.278054803179830259e+02
-1.314999941117053197e+02
-1.782548106100135588e+00
-1.309146813106498541e+02
-2.656551368700857552e+02
-3.961793022499668950e+02
-4.891935710429037272e+02
-5.044740242539115229e+02
-1.268685910221817608e+02
-8.430640709125150352e+02
-2.576067377053797145e+02
-1.249439670166033096e+02
-5.757560018426596571e+02
-4.152465957532839411e+02
-1.310803143381689893e+02
-5.664738926107005454e+02
-5.111282158100374318e+02
-3.907081708374515188e+02
-1.304016935129324395e+02
-2.549172062468989282e+02
-3.663273304415973257e+02
-4.116347134997234321e+02
-1.287296094141428853e+02
-1.283397791919769020e+02
-1.324782966750967148e+02
-1.254609864896307130e+02
-2.616589415052799268e+02
-8.753649729004350233e-01
-3.875998551575141278e+02
-5.400701996667658022e+02
-1.262970772318002162e+02
-1.315157374786579396e+02
-4.556447577041815862e+02
-1.263745533616359893e+02
-5.096795635844549111e+02
-1.288826303111702600e+02
-4.078214868179690029e+02
-2.560377584954680401e+02
-2.610932124878168565e+02
-1.287033566523872992e+02
-5.670509777409073422e+02
-3.771281316180764520e+02
-3.885808192631864699e+02
-3.896595599356484172e+02
-1.300464349294456667e+02
-2.640399281194808623e+02
-1.293224656240513184e+02
-2.578023111619031056e+02
-3.794581670578455146e+02
-4.137419610465298661e+02
-2.782459171030093437e+00
-2.539364179613439774e+02
-1.290532148150300316e+02
-1.256708454266350401e+02
-1.286852470082229445e+02
-2.614052803569234698e+02
-3.878846923430253923e+02
-3.754940990279853281e+02
-2.771504442444598038e+00
-1.315989330140825473e+02
-5.140945792767051898e+02
-1.322275511264646752e+02
-1.306976360231305136e+02
-3.984712822593703550e+02
-2.605279627210821900e+02
-3.957966153101545501e+02
-2.615473646914392134e+02
-1.294893151424478503e+02
-3.777064716205005084e+02
-1.290559694247405105e+02
-1.309652112118386640e+02
-3.989790680649871888e+02
-1.295834183238110029e+02
-2.637271960024940540e+02
-2.537209578660973932e+02
-1.315672872309439185e+02
-1.271456853815173531e+02
-4.017326435711077011e+02
-1.259468920133623442e+02
-1.301608930831315831e+02
-2.604830534530331079e+02
-2.582528648472008399e+02
-3.951607768244322756e+02
-1.539552119314912870e+00
-1.295133547276750505e+02
-5.444619285750534345e+02
-2.441632896755964737e+02
-4.215143738163250759e+02
-2.680000434612480262e+02
-1.300163283622901815e+02
-2.591533041659876631e+02
-1.796416410323536050e+00
-1.306488490923738937e+02
-4.154712020261260363e+02
-2.548604206189261845e+02
-2.531635967931953530e+02
-1.260738938331331838e+02
-2.622285690205553124e+02
-1.329339357085690381e+02
-4.307079132405864357e+02
-4.102721346391787733e+02
-1.287514357503053475e+02
-1.295065514627950733e+02
-1.323209237913897027e+02
-1.153141618015558478e+00
-2.504629425895042516e+02
-2.518369747638505203e+02
-1.059405717698409521e+00
-2.505586810193601366e+02
-4.128883259546392992e+02
-1.295056804587818817e+02
-2.487862580997423834e+02
-9.565744015171934178e-01
-1.309443873629724635e+02
-1.287593504127379447e+02
-1.296601646926592366e+02
-5.448338813645705159e+02
-3.882440177404392898e+02
-2.619552717751615205e+02
-2.604342951157852895e+02
-3.679321387056257890e+02
-5.403556977506543717e+02
-1.293175215303603522e+02
-3.632286670480070825e+02
-2.453894284351400756e+02
-9.130639389437409363e+02
-2.638333618833514151e+02
-9.654502849922633914e+02
-1.213046933296226371e+02
-1.275395497982410404e+02
-1.277925615149568301e+02
-2.582924715481506155e+02
-7.273803433266748719e+00
-1.340237645666110780e+02
-2.615062751859385912e+02
-1.312920024524433700e+02
-1.303189124692858627e+02
-1.306671501173425725e+02
-1.275322310680921731e+02
-1.294994478556451725e+02
-1.258212931309950307e+02
-3.893514804260439064e+02
-7.577779905411843320e-01
-1.302519091990439222e+02
-1.292222344225594099e+02
-1.320269030420399474e+02
-2.549746046188391801e+02
-1.347213935496161525e+02
-1.313503398605734844e+02
-9.274234796763065560e+02
-4.045313376820975009e+02
-4.470973024240338489e+00
-2.547937201003068708e+02
-1.313990931844837462e+02
-6.063944902074134689e+02
-1.270635808678152898e+02
-5.202833694140609850e+02
-4.459887888616046325e+02
-5.140513236502672889e+00
-3.874065268386593743e+02
-3.726561074126358903e+02
-1.323954777382153054e+02
-7.876032042925437509e+02
-1.100046506172115869e+03
-1.441788618841844283e+00
-3.887615802803483120e+02
-1.338911029931339556e+02
-1.301259124818984390e+02
-1.315272213380009987e+02
-1.247421690091971982e+02
-1.289790787001407750e+02
-1.074845758343183661e+03
-1.071106732637126697e+03
-6.830844957174275578e+02
-1.289245679369106199e+02
-4.596078735245377516e+02
-2.503194978178964050e+02
-1.310007951830554305e+02
-6.553084555258716364e+02
-1.276277397759319712e+02
-2.485793444695317191e+02
-9.412316761380148389e-01
-1.277442814706007823e+02
-2.602395594212598553e+02
-3.900369017124114066e+02
-2.913939835956332880e-01
-2.653640676620880754e+02
-2.552082208653139901e+02
-2.480784583808716661e+02
-2.555359868164765942e+02
-1.269069181250517460e+02
-4.291388346541684200e+02
-4.951363627733056205e+02
-2.276989713889495448e+00
-1.258749004994273406e+02
-1.247091645041844856e+02
-2.601937496241334884e+02
-3.678108636849136133e+02
-3.754933413972725589e+02
-1.267695628088126227e+02
-1.316246024342545695e+02
-4.325054430232006197e+00
-3.816217321175227539e+02
-3.711933627954308701e+00
-1.324214586869195500e+02
-2.524145529498081544e+02
-2.551989043228070386e+02
-5.783842512880254638e+00
-7.085386218933517277e+00
-7.436005543205022938e+00
-1.332644509927067702e+02
-4.726122981860967798e+02
-4.166042240177892495e+02
-2.590204719307341179e+02
-3.956331838653445629e+02
-1.363098979423494654e+02
-1.384952259730482069e+02
-1.357533166518526002e+02
-2.647713455772814655e+02
-2.687042560621691223e+02
-2.653855821859754656e+02
-1.391237291033057772e+02
-1.356604754247989320e+02
-4.001287900456517832e+02
-1.156286960672072084e+01
-1.342441658665348427e+02
-1.385428359779792231e+02
-2.641480248299610025e+02
-4.728468097504411389e+02
-1.337291866784132139e+02
-3.957719121729214748e+02
-1.334097794507377728e+02
-2.549782822549329353e+02
-1.344915101995056830e+02
-1.345128402926028173e+02
-3.703047305721379985e+02
-2.603604907405045310e+02
-2.628915187550010728e+02
-1.316525400141233604e+02
-1.276844465667812898e+02
-1.342217810138925529e+02
-5.339691719151408051e+02
-6.200045583668777560e+00
-1.254350851302956329e+02
-2.589761173252125559e+02
-1.301164396809317054e+02
-1.266341816511153411e+02
-1.330732717783113799e+02
-1.312032343178546228e+02
-1.322430882723343757e+02
-2.561762986339716690e+02
-2.452177903141756303e+02
-1.293795224011543326e+02
-1.319011987853623395e+02
-3.744831725637111504e+02
-2.000338976815627667e+00
-1.281514694625057018e+02
-9.195565198591132230e+02
-2.534098369813775378e+02
-1.273583464778883325e+02
-2.467292234180901573e+02
-3.657558516095251093e+02
-1.276735222295983192e+02
-2.433970877454681556e+02
-1.339793160747809395e+02
-1.015259138297384993e+03
-9.321125121117378285e+02
-3.887807456760683635e+02
-4.070578986756368423e+00
-1.303305215390342937e+02
-1.146549592548264400e+03
-1.289594813439374263e+02
-6.554331414159200175e-01
-1.289349629538232875e+02
-4.026816683550487141e+02
-1.156389461187446841e+03
-2.622353866963492806e+02
-1.283724594802023091e+02
-2.568051457824428212e+02
-1.203959292856375214e+03
-3.898533074092808874e+02
-2.418476214445123560e+02
-1.235198444413982912e+02
-3.931781510586062041e+02
-1.273697867492129063e+02
-7.838497937590448146e+02
-2.615219940143790041e+02
-2.584156794603419485e+02
-1.068184000604549965e+03
-2.599168674077929495e+02
-2.586606645858747697e+02
-1.306769642481876872e+02
-2.536257598686831329e+02
-2.615000265291552637e+02
-9.151835002073834824e-01
-3.728563594055078738e+02
-3.858894662269852347e+02
-1.301794890511544622e+02
-4.033099901294554570e+02
-3.840885047932462726e+02
-1.326243082928764920e+02
-1.288463579969853470e+02
-2.005768194898962964e+00
-2.160400487397666769e+00
-2.491226611599963974e+02
-3.554865016973363101e-01
-2.630337900306065535e+02
-1.303615741196407214e+02
-3.948785151982307298e+02
-2.531350066935176528e+02
-4.390608231137584312e+02
-2.622252231223525882e+02
-1.296437700243753568e+02
-1.274933949742601555e+02
-1.293259967625431273e+02
-1.327698773716831226e+02
-2.618034825781608674e+02
-3.922671260804117424e+02
-1.318233900459946994e+02
-1.309927703880690615e+02
-3.672402676369615619e+02
-7.088826792231062655e+02
-2.582052973333938439e+02
-2.618322456403991509e+02
-1.291202912457562206e+02
-6.417848342829242938e+02
-2.603203211535226842e+02
-2.635224788896248356e+02
-3.716853428386710902e+02
-5.472730531221028514e+02
-3.913174303383866004e+02
-4.258080388731500534e+02
-2.623723669709421529e+02
-5.130572526098335402e+02
-1.071472441778401175e+00
-1.293025044328512934e+02
-1.278294090865491910e+02
-1.291301299614457321e+02
-1.286795415355393573e+02
-1.286514720906834270e+02
-2.604513590224792097e+02
-4.204572492048931167e+02
-4.051702551541286539e+02
-3.895277354990230378e+02
-1.274573597950757744e+02
-1.254421216326211095e+02
-2.714990364881667801e+02
-1.291967310100778832e+02
-4.187265781778974016e+00
-1.806069762695173164e+00
-2.543670214299091015e+02
-2.645068791797680205e+02
-1.309021841851697445e+02
-3.803060344168497977e+02
-4.273099807379203980e+02
-2.549307830813038436e+02
-3.745299071222303837e+02
-4.736683711668898695e+02
-2.529883625684152264e+02
-2.665130129384371571e+02
-1.312721055050191978e+02
-1.287185555934639751e+02
-2.594377103243350575e+02
-1.316478748514277299e+02
-1.307812674357439846e+02
-6.140953170475246248e-01
-1.307497910014641604e+02
-1.278707356328192759e+02
-1.290403528972406093e+02
-4.320649786647792201e-01
-1.283210595811180497e+02
-2.679378978194118872e+02
-3.930351467762799302e+02
-2.592408690804236358e+02
-1.249249930426680635e+02
-1.322933842471385333e+02
-2.559920209989027740e+02
-5.579547491251449856e+02
-1.305384069946292982e+02
-1.315410955804046580e+02
-1.281615900402468071e+02
-1.750275464680490556e+00
-1.330656503710557672e+02
-1.298334330905689740e+02
-2.636937694429810790e+02
-5.705161068425685045e+00
-3.795910299052304708e+02
-2.616562022657765851e+02
-2.602340371765675968e+02
-1.310428584725524956e+02
-2.696716694609534670e+02
-1.299958965416723231e+02
-2.568074972609499582e+02
-2.569608260621313320e+02
-2.619664240931425638e+02
-2.604975853274427777e+02
-2.912228518555642243e+00
-2.609557700742451516e+02
-1.303711840754573643e+02
-4.925335800927484229e+02
-4.185609602897129662e+02
-1.304171561623768412e+02
-1.314290803694152032e+02
-1.313167994697967629e+02
-1.320304030857319901e+02
-3.822085193566638850e+02
-1.308595407733231184e+02
-1.841239445439241118e+00
-4.153246018999128069e+02
-1.289571108709933469e+02
-3.784368900544412213e+02
-1.289900578355604068e+02
-5.795268924749859707e+02
-3.875973049461061919e+02
-3.883087796913489456e+02
-1.256259605618532902e+02
-3.906573370984526150e+02
-1.303346861421966878e+02
-2.651233788017830193e+02
-3.684144257882259694e+02
-1.291613705189987229e+02
-3.379943933624300900e+00
-4.342461369774032960e+02
-2.731524272290907334e+02
-3.740412203271152976e+02
-1.320634223686403743e+02
-4.880872161039307571e+02
-1.305220584972090023e+02
-3.265113780200747939e+00
-1.684884286212506188e+00
-2.620970883585482625e+02
-2.589757417741350309e+02
-1.366894428464618159e+02
-2.558607269686693826e+02
-1.679713001915906778e+00
-2.687380514060554901e+02
-1.323962423542376712e+02
-4.276606482929092863e+02
-3.653666484941383032e+02
-1.307173293545471893e+02
-2.563680035233421677e+02
-1.275631798094798484e+02
-1.286296344627690189e+02
-1.283865287853555515e+02
-2.516676816491833222e+02
-2.569968629775545743e+00
-1.288606934336804102e+02
-2.447500256187862817e+02
-4.188367457907534686e+02
-1.343830138874229760e+02
-1.311606620853279423e+02
-1.496871194219948631e+00
-1.285135180066600640e+02
-3.754683829598651528e+02
-1.277362442186474709e+02
-2.510613460035727655e+02
-1.317942142852855909e+02
-1.281820166266888350e+02
-1.277518118166967440e+02
-2.563139415683471256e+00
-1.203755452776266388e+00
-1.299452083271812342e+02
-2.626656471164067170e+02
-2.437675109654251742e+02
-1.271471014654993326e+02
-2.460370281251349525e+02
-1.304692065189362609e+02
-1.209017020160318312e+00
-1.290374422665203156e+02
-3.797092007818620552e+00
-1.271748567611303287e+02
-3.970269984332533681e+02
-1.266742467347793593e+02
-2.547739319814959913e+02
-1.742303402947810609e+00
-1.323376771616360941e+02
-1.264517554617442272e+02
-1.308309857181025109e+02
-1.224404701365673986e+02
-1.302796726633630726e+02
-2.474997229913269337e+02
-2.512307509819091251e+02
-1.296331420984451199e+02
-2.526309001697717349e+02
-1.294937884330793167e+02
-2.561375140508696404e+02
-3.718471321955543658e+02
-2.422867977249063927e+02
-3.825823258980575474e+02
-1.292620063262026520e+02
-1.304183117782315264e+02
-1.296319864712373828e+02
-4.130028786255284103e+02
-2.553794115031442402e+02
-3.763955999368724292e+02
-1.284438774432868513e+02
-1.309755526653386539e+02
-1.297175130808753920e+02
-1.282663757522302035e+02
-1.288040385078134591e+02
-1.336241003760312651e+02
-1.319473291524969341e+02
-1.249954470996286915e+02
-2.492853250286978550e+02
-4.172900558186916555e+02
-2.778276458175315042e+02
-5.078719282984390588e+02
-2.503245667051970713e+02
-2.623638510776316934e+02
-1.284066950883106699e+02
-4.762344375513583827e+02
-1.271806931301593266e+02
-7.735558426205616511e-01
-1.310270080110392712e+02
-1.309402683665238385e+02
-2.510940747988323949e+02
-2.637035383732329592e+02
-2.813706341533737110e-01
-1.272289894271490596e+02
-2.647182844002127240e+02
-4.375194651427572694e+02
-1.270789029431420403e+02
-1.311835020397025460e+02
-8.517450206051065953e-01
-3.685113614667492357e+02
-1.328939664493913995e+02
-3.965650286010604759e+02
-1.285456034488305477e+02
-1.444927417170287054e+00
-1.295143629813626660e+02
-2.595532943112687576e+02
-2.502633596748888465e+02
-1.294669226182284660e+02
-2.586688022102486570e+02
-1.250172482041258206e+02
-1.243043576113195172e+02
-2.621918088414205386e+02
-5.275856423032963676e+02
-2.478223855158759079e+02
-3.896187554318168544e+00
-1.272842912443607730e+02
-1.961003252404066810e+00
-3.687740962972677039e+02
-1.245198058726411006e+02
-2.636272507510938112e+00
-1.268856126701769398e+02
-1.312357216218495068e+02
-2.528262754891368331e+02
-3.973653214093692441e+02
-3.550984155797531798e+02
-1.326809077761006392e+02
-1.338152358852803161e+02
-2.606921728062577017e+02
-9.533635904123750606e+02
-4.284646453258348515e+02
-1.200169246212096368e+03
-2.599162641883312403e+02
-2.466723011690891667e+02
-2.454816046825927174e+02
-1.360213043378749376e+02
-2.495805989283113604e+02
-1.330272541475947037e+02
-1.169991563188575356e+03
-1.304536041731757052e+02
-1.199631359119590343e+03
-2.595589999976336344e+02
-2.538520294048544770e+02
-1.236119000299932225e+02
-1.179030287903434555e+03
-4.566323270731962793e+02
-1.445614753781530037e+00
-1.334427745022476870e+02
-1.055457066772955386e+03
-8.169300836382983562e+02
-2.459405540056283144e+02
-1.327914599363255661e+02
-2.759105905458395682e+02
-1.322736608325946861e+02
-2.619997789706029607e+02
-5.510481686798088958e+02
-1.294773956457221686e+02
-1.269266648826569082e+02
-2.616542869427177607e+02
-1.298057804418029377e+02
-1.227650898045083068e+02
-3.791521962515165569e+02
-2.612753163648750956e+02
-1.320381616493954198e+02
-1.361857982230234541e+02
-8.076766675578545573e+02
-2.674304200848624191e+02
-2.605884553791270264e+02
-2.594783398699568693e+02
-1.321935720820515030e+02
-5.285750582734321412e+00
-3.734688160713565708e+02
-1.282397436006156681e+02
-3.843208575714284052e+02
-4.077184358483300457e+02
-3.975141568215258214e+00
-6.347411531821003372e+00
-1.337893729977378712e+02
-2.849474660575734788e+02
-1.314696740912166604e+02
-1.281055869749907856e+02
-2.552254194661091731e+02
-1.334704263674514948e+02
-2.635012462142137224e+02
-3.826012232838789942e+02
-1.330449771938981769e+02
-3.384812564256925782e+00
-1.338023582471087991e+02
-1.319348276706236334e+02
-1.330852251743073680e+02
-4.220269318912779113e+02
-1.307075536717942441e+02
-2.526884112582900173e+02
-1.291497082448176457e+02
-1.297496483435066068e+02
-1.319261610820882993e+02
-1.349784426459235078e+02
-1.319410738438917008e+02
-2.610268780185255082e+02
-1.326825976776139839e+02
-4.846233152729785942e+00
-2.509908194738463578e+02
-3.616204816633831456e+02
-3.779433748472650905e+02
-3.834080169531831395e+00
-2.733249147050227634e+02
-2.480293325196498699e+02
-2.501216652427424094e+02
-2.591062041072314059e+02
-1.284350457791296947e+02
-1.284493998031732644e+02
-1.310454590883176991e+02
-1.371042936593908301e+00
-1.321829467145371382e+02
-1.241066152257590431e+02
-2.615532221705116172e+02
-2.718603729869121821e+02
-3.521803307246453301e+02
-4.303324454461520077e+02
-2.589289540899545727e+02
-1.314005494765415278e+02
-1.255439745785995882e+02
-2.567023224193795272e+02
-1.255171321244076097e+02
-1.296736874748858668e+02
-2.712785203402348202e+02
-1.322651753846901386e+02
-1.256648417573188397e+02
-3.758964973214031033e+02
-1.364848682469896346e+02
-2.943248901043900787e+02
-1.317147638722966860e+02
-1.295104372242534509e+02
-1.302219107626584673e+02
-2.580476865161492128e+02
-3.622112432835457980e+02
-1.305970802361996448e+02
-2.586076955842916050e+02
-1.305050511272249310e+02
-3.398200602584487910e+02
-1.355396693459911717e+02
-1.301530807187281198e+02
-1.315050707244006674e+02
-2.414567777935052106e+02
-4.563638764844929483e+02
-2.067920736830682671e+00
-1.958276710404801113e+00
-1.290984914810369730e+02
-1.293485821663833519e+02
-1.291108788426538183e+02
-1.328918731329713978e+02
-2.507951878193188975e+02
-1.972093822127388041e+00
-4.095877497783318972e+02
-1.291630802085388154e+02
-1.279939885571020426e+02
-1.329486187080632362e+02
-2.489070362462037167e+02
-1.255219139217184647e+02
-3.508872915020989414e+00
-3.775309224154306094e+02
-1.324058549880308533e+02
-3.774788209574647340e+02
-2.638147759331550546e+00
-1.231978143858101049e+02
-1.269186706335951129e+02
-2.601606349688398154e+02
-4.525323426615076805e+00
-1.273386435771928404e+02
-1.322157087264760946e+02
-1.274500594442695700e+02
-1.260607471439722502e+02
-1.318994761827813420e+02
-1.289658168359123351e+02
-1.312200137698283129e+02
-2.659542072088021314e+02
-7.911761648843184958e+02
-1.267551627369599601e+02
-1.064024492830279542e+03
-7.287866705731287809e+00
-6.521124614944718587e+02
-4.699123265289401274e+00
-1.348325118912649941e+03
-3.711944552540006992e+00
-1.300679717188951088e+02
-2.719409617535124539e+02
-1.312409775164687744e+03
-1.337749136237896664e+03
-2.608414361744183338e+02
-1.265634919621272587e+02
-1.271129875005683289e+03
-1.229678890348380804e+02
-1.266484687193188392e+03
-3.370384800894113964e-01
-2.475787400727559771e+02
-1.210729983975000010e+02
-1.100275904016515142e+03
-1.312356231575854792e+02
-3.976601889263345697e+02
-4.899798634926524414e+02
-1.000481218993206411e+00
-1.218760046678503841e+03
-1.340610737666401064e+03
-2.581625615376142377e+02
-1.243153873761383920e+03
-5.175189168784781941e+02
-1.345961197049838120e+03
-1.299012483957948803e+02
-1.295463751575253184e+02
-1.265925527511085988e+02
-1.146092637408412607e+00
-1.810681062936965624e+00
-1.301125506346847089e+02
-1.335458027383158219e+00
-1.236145895544595987e+03
-1.273675466712138359e+03
-1.246113961777445638e+03
-1.186200827069218803e+03
-2.177494046496016189e+00
-1.332151598734088793e+02
-1.213107130565572561e+03
-2.499758735773471301e+02
